horizontal_flip {'p': 0}
seed: 42, noise_scale: 0.5, clip_value: 10
Round: 700 Accuracy: 0.482
Round: 700 f1_score: 0.3252361673414305
Round: 700 average_Acc_f1: 0.4036180836707153


seed: 43, noise_scale: 0.5, clip_value: 10
